proj:       1
zone:       33
north:      4740730.39998408
south:      4740342.19998408
east:       259347.59999998
west:       258663.79999998
cols:       3419
rows:       1941
e-w resol:  0.2
n-s resol:  0.2
top:        1
bottom:     0
cols3:      459
rows3:      257
depths:     1
e-w resol3: 1.48976035
n-s resol3: 1.51050584
t-b resol:  1
