proj:       1
zone:       33
north:      4813564.824
south:      4711827.9172
east:       369030.4759
west:       275969.958
cols:       3969
rows:       3362
e-w resol:  23.4468425
n-s resol:  30.26082891
format:     1
compressed: 2
