proj:       1
zone:       33
north:      4875486.0157
south:      4663828.9306
east:       359817.1328
west:       216519.2703
cols:       6076
rows:       7021
e-w resol:  23.58424333
n-s resol:  30.14628758
format:     1
compressed: 0
